   -0.200942
    0.180907
    0.092163
   -0.479263
-0.000901746
   -0.464074
    0.567313
     1.28821
    -1.47423
    -1.54074
    0.750964
  0.00151127
    0.489953
   -0.103395
   -0.531602
     1.42287
     1.35077
   -0.104118
    -1.14494
  0.00212289
    0.479305
     2.11947
    -1.17998
-1.05826e-05
   -0.278775
    0.115979
    0.073155
   -0.196867
  0.00424804
   -0.735852
    0.337663
     1.32062
    -1.85908
    -1.54166
    0.994125
    -1.13998
    0.504384
    -0.11923
    -1.32062
     1.57211
     1.40355
   0.0117884
   0.0453713
    0.342655
   -0.876065
      1.6777
    -1.09812
    0.328328
   -0.198601
    0.217036
   -0.158907
   -0.189187
  0.00128166
   -0.583414
    0.536618
     1.32164
    -1.33625
     -1.5413
      1.2321
   0.0679791
    0.510201
    0.949299
    -1.32228
     1.98843
     1.47613
   -0.176593
    0.634273
  0.00346653
    -1.52603
      1.1808
    -1.15799
   -0.406707
   -0.199044
    0.179053
   0.0910989
   -0.480458
 0.000868696
   -0.549074
    0.417566
     1.32525
    -1.81072
    -1.54267
      1.2092
  0.00152914
    0.367513
    0.458001
    -1.32405
     1.89737
    0.911462
   -0.124142
    0.740592
  -0.0984175
    -1.52924
 0.000537493
    0.929788
-2.04827e-06
