   -0.948042    -0.743508    -0.538973    -0.334439    -0.129905    0.0746286     0.279163     0.483697
   -0.995908    -0.734459     -0.47301    -0.211561    0.0498881     0.311337     0.572786     0.834235
     1.27832     0.682503    0.0866857    -0.509132     -1.10495     -1.70077     -2.29658      -2.8924
      1.6483      1.66907      1.68984      1.71062      1.73139      1.75216      1.77293       1.7937
   0.0486971    0.0395517    0.0304063    0.0212609    0.0121156    0.0029702  -0.00617517   -0.0153205
     -2.5453     -2.08046     -1.61562     -1.15077    -0.685933    -0.221092     0.243749      0.70859
     2.57163      1.93168      1.29172     0.651771    0.0118181    -0.628134     -1.26809     -1.90804
   -0.188353    -0.159226      -0.1301    -0.100974   -0.0718474   -0.0427212   -0.0135949    0.0155314
     5.44613      3.81328      2.18044     0.547593     -1.08525      -2.7181     -4.35094     -5.98378
  0.00774607   0.00514953   0.00255299 -4.35494e-05  -0.00264009  -0.00523663  -0.00783317   -0.0104297
  -0.0311303    -0.250286    -0.469442    -0.688598    -0.907755     -1.12691     -1.34607     -1.56522
     14.0967      10.9906      7.88439      4.77822      1.67205     -1.43413      -4.5403     -7.64647
  -0.0516791    -0.171587    -0.291495    -0.411403    -0.531311    -0.651218    -0.771126    -0.891034
     6.50619      4.23974      1.97329    -0.293163     -2.55961     -4.82606     -7.09251     -9.35896
     4.72422      4.04923      3.37423      2.69924      2.02424      1.34925     0.674252 -0.000743341
     1.60248     0.938651     0.274822    -0.389008     -1.05284     -1.71667      -2.3805     -3.04433
    0.118832    -0.444358     -1.00755     -1.57074     -2.13393     -2.69712     -3.26031      -3.8235
    -1.82573     -1.35848    -0.891238    -0.423991    0.0432552     0.510502     0.977748      1.44499
    -3.60848     -3.50662     -3.40477     -3.30291     -3.20106     -3.09921     -2.99735      -2.8955
    -4.07832      -3.2923     -2.50628     -1.72026    -0.934238    -0.148216     0.637805      1.42383
     4.23241      4.18214      4.13188      4.08161      4.03135      3.98108      3.93082      3.88055
   -0.330705    -0.869208     -1.40771     -1.94621     -2.48472     -3.02322     -3.56172     -4.10023
   -0.850375      1.11195      3.07428       5.0366      6.99893      8.96125      10.9236      12.8859
    -6.38024     -4.49014     -2.60005    -0.709949      1.18015      3.07024      4.96034      6.85044
