      0.2335     0.112675    0.0210691   -0.0413175    -0.074485   -0.0784333   -0.0531625   0.00132743
    0.194784    0.0711861   -0.0150617   -0.0639596   -0.0755076   -0.0497058    0.0134458     0.113947
   0.0570243     0.197083     0.252025      0.22185     0.106559   -0.0938494    -0.379374    -0.750016
    -0.84719    -0.610234    -0.370312    -0.127421     0.118436      0.36726     0.619052     0.873811
  -0.0154494  -0.00914589  -0.00414889 -0.000458371   0.00192567   0.00300322   0.00277429   0.00123889
    0.815334     0.484923     0.220917    0.0233181    -0.107875    -0.172663    -0.171044     -0.10302
    -0.68895    -0.367285    -0.137042   0.00177866    0.0491778   0.00515526    -0.130289    -0.357155
   0.0972355    0.0724084    0.0517422     0.035237    0.0228926    0.0147091    0.0106865    0.0108249
    -1.15457    -0.493183   -0.0650603     0.129799    0.0913948    -0.180273    -0.685204      -1.4234
 -0.00277828  -0.00185717  -0.00130699  -0.00112774  -0.00131943  -0.00188205  -0.00281561   -0.0041201
    0.729484     0.709382     0.657973     0.575256     0.461231     0.315897     0.139256    -0.068693
    -3.42448     -1.63253    -0.284321     0.620151      1.08088      1.09788     0.671134     -0.19935
    0.043292    0.0273444  -0.00573283   -0.0559398    -0.123276    -0.207743    -0.309339    -0.428065
  -0.0475064      0.72006      1.16385      1.28386      1.08009     0.552538    -0.298789     -1.47389
    -2.36706     -1.74039     -1.21014    -0.776324    -0.438933    -0.197969   -0.0534336  -0.00532587
     0.44773      0.62924     0.715916      0.70776     0.604771     0.406949     0.114295    -0.273193
    0.158332      0.13508    0.0313721    -0.152791     -0.41741    -0.762485     -1.18802       -1.694
     0.34772     0.120277   -0.0404178    -0.134363    -0.161558    -0.122004   -0.0157005     0.157352
     3.57094      3.06272      2.56905      2.08993      1.62536      1.17534     0.739874     0.318956
      1.0216     0.495123    0.0809386    -0.220957    -0.410564    -0.487882    -0.452912    -0.305652
    -4.06611     -3.46507     -2.87121     -2.28454     -1.70504     -1.13272    -0.567586   -0.0096306
    -1.32533     -1.41104     -1.57367     -1.81324     -2.12974     -2.52316     -2.99351     -3.54079
    0.245578     0.264262     0.563278      1.14263      2.00231      3.14232      4.56267      6.26334
    0.985015     0.208559    -0.297883    -0.534311    -0.500725    -0.197126     0.376488      1.22011
