    0.200942     0.225321     0.234526     0.232732     0.224112     0.212842     0.203094     0.199044
   -0.180907    -0.162354    -0.158789    -0.164878    -0.175285    -0.184674    -0.187708    -0.179053
   -0.092163   -0.0729992   -0.0399068  -0.00504521    0.0194259     0.021347   -0.0114414   -0.0910989
    0.479263     0.375126     0.305052     0.269464     0.268787     0.303444      0.37386     0.480458
 0.000901746 -0.000839504  -0.00177358  -0.00208711  -0.00196675  -0.00159914   -0.0011709 -0.000868696
    0.464074     0.556159     0.605786     0.622441      0.61561     0.594781      0.56944     0.549074
    0.567313     0.492956     0.458021     0.449448     0.454176     0.459145     0.451295     0.417566
     1.28821      1.30028       1.3091      1.31526      1.31936        1.322      1.32376      1.32525
    -1.47423     -1.58914     -1.62624     -1.61884     -1.60026     -1.60384     -1.66288     -1.81072
    -1.54074     -1.54106     -1.54129     -1.54145     -1.54163     -1.54185     -1.54218     -1.54267
    0.750964     0.854113     0.952154      1.04061      1.11502       1.1709      1.20379       1.2092
  0.00151127    -0.354421    -0.486057    -0.456787    -0.330001    -0.169093   -0.0374523   0.00152914
    0.489953     0.495203      0.49695     0.492749     0.480152     0.456712     0.419981     0.367513
   -0.103395   -0.0515005    0.0869188     0.265609     0.438317     0.558787     0.580767     0.458001
   -0.531602    -0.823844     -1.03345     -1.17419     -1.25985     -1.30419       -1.321     -1.32405
     1.42287      1.50092      1.59813      1.70095      1.79584      1.86923      1.90759      1.89737
     1.35077      1.37269      1.38553      1.37782      1.33805      1.25473      1.11636     0.911462
   -0.104118   -0.0714847   -0.0665751   -0.0798541    -0.101786    -0.122835    -0.133466    -0.124142
    -1.14494    -0.671283    -0.269187    0.0634244     0.328629     0.528506     0.665134     0.740592
  0.00212289     0.109123     0.148934     0.137596    0.0911502    0.0256387   -0.0428976   -0.0984175
    0.479305   -0.0585509    -0.511057     -0.87924     -1.16412     -1.36674      -1.4881     -1.52924
     2.11947      1.92493      1.71266      1.47165      1.19092      0.85949     0.466358  0.000537493
    -1.17998      -1.1469     -1.09113    -0.972617    -0.751317     -0.38718     0.159838     0.929788
-1.05826e-05    0.0820303    0.0724356   0.00977878   -0.0673668    -0.120428    -0.110831 -2.04827e-06
