     -0.201
      0.181
   0.092346
     -0.479
-0.00100001
  -0.154054
    1.77478
   0.185354
   -1.38298
    -0.0349
     1.4938
     0.0025
   0.429061
    1.77771
        0.3
    1.24091
  0.0349001
    -1.5077
    -1.1453
 0.00260001
      0.479
     2.1202
     -1.181
0.000999995
  -0.215978
   0.357402
  -0.362067
-0.00138488
 -0.0615937
  -0.398024
    1.72839
   0.315155
    -2.0857
    -0.0349
    -1.8238
  -0.391256
  -0.142609
    1.81684
     0.3142
    -2.0857
   0.293181
    -1.8238
 -0.0188276
   0.379472
  -0.667614
    1.54312
   -1.18645
   0.397935
  -0.129649
   0.238752
  -0.210691
  0.0242169
   -0.19279
  -0.720901
    2.04255
   0.291315
    -2.0857
   -0.46194
    -1.8238
    1.05846
     0.5149
    1.76191
     0.3142
    2.08569
   0.515697
     1.8238
   0.635213
   0.277206
   -1.53589
    1.46869
   -1.18645
   0.397935
     -0.199
      0.179
      0.091
     -0.481
 0.00100001
  -0.259582
     2.0857
  0.0204896
  -0.751088
    -0.0349
    -1.5062
 0.00249999
  0.0608429
     2.0857
    0.27334
    -0.1302
     0.0349
     1.4923
    0.74081
    -0.0974
     -1.529
 0.00100001
      0.931
0.000999996
