     -0.201
      0.181
   0.092346
     -0.479
-0.00100001
  -0.179842
      1.741
   0.232485
      0.127
    -0.0349
    -1.5062
     0.0025
   0.440962
    1.79223
        0.3
    -0.1302
   0.191547
  -0.347271
    -1.1453
 0.00260001
      0.479
     2.1202
     -1.181
0.000999992
  -0.203407
   0.328589
  -0.331133
 -0.0131108
 -0.0907082
  -0.397009
    1.64868
    0.47153
     2.0857
  -0.171678
    0.17312
  -0.440914
  -0.103179
    1.60923
     0.3142
   -1.20237
   0.429048
    1.70414
 -0.0562799
   0.379472
    -0.5732
    1.32053
   -1.18645
   0.397935
  -0.151054
   0.257051
  -0.258898
  0.0608021
  -0.151168
  -0.721837
    2.06539
   0.204729
   -1.93864
  -0.253705
     1.8238
    1.02834
   0.478355
    1.88977
     0.3142
   0.271774
   0.130612
    -1.8238
   0.560136
   0.379472
   -1.53589
     1.5343
   -1.18645
   0.397935
     -0.199
      0.179
      0.091
     -0.481
 0.00100001
  -0.288052
     2.0857
  0.0826878
    -2.0857
    -0.0349
    -1.5062
 0.00249999
   0.115223
     2.0857
   0.298497
    2.03829
     0.0349
     1.4923
    0.74081
 -0.0993999
     -1.529
 0.00100001
      0.931
0.000999995
