     -0.201
     0.3523
     -1.499
      1.531
-0.00100001
    1.09605
     2.0857
     1.3265
    -2.0857
    -0.0349
   -1.70336
 0.00049999
     -0.672
    -0.1055
    -1.3265
     2.0857
     1.5446
   -1.25163
  -0.384095
 0.00260001
      0.481
      1.001
    -0.3518
 0.00100001
 -0.0809881
   0.651292
   -2.11253
    1.53589
  -0.306729
    1.00495
  0.0566899
    1.31971
   -1.37073
  -0.663017
    1.70218
  -0.427938
     -0.672
   0.886418
   -1.27652
     2.0857
     1.5446
   -1.12022
   0.321412
 -0.0779108
    0.48409
    1.35735
    0.80775
   0.397935
  -0.189419
   0.866818
   -2.11253
    1.32995
  -0.389813
   0.932607
   0.226705
   0.616318
  -0.723929
    -1.5446
     1.8238
  -0.493138
     -0.672
   0.905366
  -0.633141
     2.0857
   0.355731
     1.8238
    0.74081
  -0.654986
    0.48409
   0.577749
   0.932056
  -0.509402
     -0.099
      0.999
     -2.111
      1.079
    -0.7894
     1.1453
   0.569975
    -0.3142
   0.243216
  -0.412719
 -0.0728507
-0.00100001
     0.5149
   0.593083
  -0.515568
   0.393511
     0.0349
        1.5
   0.520657
  -0.790477
-0.00100001
-0.00100001
 0.00100001
     -0.251
