   0.342664    0.251101    0.159539   0.0679762  -0.0235864   -0.115149   -0.206712   -0.298274
   0.125199    0.125173    0.125147     0.12512    0.125094    0.125068    0.125042    0.125015
  -0.920292   -0.789149   -0.658006   -0.526863   -0.395721   -0.264578   -0.133435 -0.00229199
   0.316242     0.28071    0.245178    0.209645    0.174113    0.138581    0.103049   0.0675162
  -0.333968   -0.218436   -0.102904   0.0126275    0.128159    0.243691    0.359223    0.474755
 -0.0281453  -0.0852035   -0.142262    -0.19932   -0.256378   -0.313436   -0.370495   -0.427553
    3.29854     2.86444     2.43035     1.99626     1.56216     1.12807    0.693975    0.259882
   -1.04489   -0.944291   -0.843692   -0.743092   -0.642493   -0.541894   -0.441295   -0.340696
  -0.102251  -0.0189986   0.0642534    0.147505    0.230757     0.31401    0.397262    0.480514
  -0.380199    0.105572    0.591342     1.07711     1.56288     2.04865     2.53443      3.0202
   -4.92588    -4.65467    -4.38346    -4.11225    -3.84104    -3.56983    -3.29861     -3.0274
   0.544859    0.586451    0.628043    0.669636    0.711228    0.752821    0.794413    0.836006
          0    0.254336    0.508671    0.763007     1.01734     1.27168     1.52601     1.78035
   -1.45946    -1.32194    -1.18442    -1.04691   -0.909393   -0.771877   -0.634362   -0.496846
   0.890088    0.650261    0.410434    0.170606   -0.069221   -0.309048   -0.548876   -0.788703
          0   -0.362612   -0.725224    -1.08784    -1.45045    -1.81306    -2.17567    -2.53828
    -1.7833    -1.34254   -0.901772   -0.461006  -0.0202404    0.420525    0.861291     1.30206
    4.21891     2.91596     1.61301    0.310066   -0.992881    -2.29583    -3.59878    -4.90172
  -0.429164   -0.504901   -0.580639   -0.656376   -0.732114   -0.807851   -0.883589   -0.959327
  -0.744847   -0.543815   -0.342783   -0.141751   0.0592812    0.260313    0.461345    0.662378
-0.00463499   -0.107921   -0.211206   -0.314492   -0.417778   -0.521064   -0.624349   -0.727635
   -1.70391    -1.41746      -1.131   -0.844549   -0.558093   -0.271638    0.014817    0.301272
   -1.55286    -1.55718    -1.56149     -1.5658    -1.57011    -1.57442    -1.57873    -1.58304
   -1.95641    -1.42712   -0.897832   -0.368544    0.160744    0.690032     1.21932     1.74861
