  -0.180018  -0.0951943  -0.0365314  -0.0040293   0.0023121  -0.0175072  -0.0634873   -0.135628
  -0.448488    -0.41272   -0.376961   -0.341208   -0.305463   -0.269726   -0.233996   -0.198273
   0.920292    0.676086     0.46935    0.300083    0.168285   0.0739565   0.0170976 -0.00229199
-0.00733349   0.0779454    0.153072    0.218047    0.272869     0.31754    0.352058    0.376425
   0.458594    0.379679    0.333773    0.320876    0.340989     0.39411    0.480241    0.599381
   0.136654    0.120462   0.0879665   0.0391691  -0.0259307   -0.107333   -0.205037   -0.319044
   -3.04352    -2.16309    -1.40669   -0.774317   -0.265972    0.118347    0.378639    0.514904
 -0.0101914    -0.29436   -0.549786    -0.77647    -0.97441    -1.14361    -1.28406    -1.39578
    1.07245     1.05513      1.0616     1.09185     1.14589     1.22371     1.32532     1.45072
  -0.942175   -0.981408   -0.881849   -0.643498   -0.266355    0.249579    0.904305     1.69782
    5.10831     3.73966      2.4485     1.23482    0.098641   -0.960054    -1.94126    -2.84498
  -0.642658   -0.481042   -0.307543    -0.12216   0.0751063    0.284256     0.50529    0.738207
          0   0.0363337    0.145335    0.327003    0.581339    0.908342     1.30801     1.78035
    1.48788     1.09054    0.732483    0.413721     0.13425   -0.105932   -0.306823   -0.468424
   0.074975    0.295025    0.446553    0.529558    0.544042    0.490004    0.367443     0.17636
          0  -0.0518017   -0.207207   -0.466215   -0.828827    -1.29504    -1.86486    -2.53828
          0   -0.446549   -0.767164   -0.961847     -1.0306   -0.973413   -0.790296   -0.481247
   0.197115     1.21638     1.86338      2.1381     2.04056     1.57074    0.728657     -0.4857
    1.05826    0.924823    0.769746    0.593029    0.394674    0.174679  -0.0669558   -0.330229
  -0.120766   -0.304861   -0.431518   -0.500737   -0.512518   -0.466862   -0.363768   -0.203236
 0.00463499  -0.0114444   -0.057034   -0.132134   -0.236744   -0.370864   -0.534494   -0.727635
   0.534519   0.0886083   -0.275458    -0.55768   -0.758057    -0.87659   -0.913279   -0.868123
    1.73932     1.29503    0.849509    0.402754  -0.0452325   -0.494451   -0.944902    -1.39658
   0.595402    0.112041   -0.220094   -0.401005   -0.430691   -0.309152   -0.036387    0.387603
