      0.201    0.162307    0.144112     0.13894    0.139318     0.13777    0.126822       0.099
    -0.3523    -0.47533   -0.588141   -0.690736   -0.783118   -0.865287   -0.937247      -0.999
      1.499     1.72616      1.8889     1.99793     2.06395     2.09766     2.10978       2.111
     -1.531    -1.52067    -1.48743    -1.43417     -1.3638    -1.27921    -1.18331      -1.079
 0.00100001    0.119967    0.221103    0.313838    0.407605    0.511833    0.635954      0.7894
   -1.09605    -1.05893    -1.02877    -1.01022    -1.00794    -1.02659    -1.07082     -1.1453
     2.0857     1.34485    0.837837    0.529218    0.383558    0.365422    0.439373    0.569975
     1.3265     1.28231     1.16103    0.970882    0.720072    0.416814   0.0693188     -0.3142
    -2.0857    -1.78233     -1.4805    -1.17343   -0.854323   -0.516375   -0.152795    0.243216
    -0.0349   -0.313002   -0.582486   -0.803697   -0.936981   -0.942682   -0.781146   -0.412719
   -1.70336   -0.441207     0.44097    0.965314     1.15396     1.02906    0.612742  -0.0728507
 0.00049999   -0.160311   -0.273249   -0.334918   -0.341923   -0.290869   -0.178359 -0.00100001
     -0.672    -0.66854   -0.644317   -0.578571   -0.450538   -0.239456   0.0754356      0.5149
    -0.1055    0.261909    0.521405    0.684213    0.761559    0.764669    0.704768    0.593083
    -1.3265    -1.27201    -1.16444    -1.02336   -0.868361   -0.719009   -0.594885   -0.515568
     2.0857     2.08077     2.04623      1.9525     1.76996     1.46901     1.02006    0.393511
     1.5446     1.47781     1.30142     1.05142     0.76379    0.474504    0.219547      0.0349
   -1.25163    -1.04083   -0.592005  -0.0115009    0.594315     1.11908     1.45643         1.5
  -0.384095   -0.100282    0.142314    0.337511    0.479127    0.560978    0.576883    0.520657
 0.00260001  -0.0595714   -0.166136   -0.300683   -0.446801    -0.58808   -0.708109   -0.790477
      0.481     0.48073     0.47165    0.445329    0.393334    0.307236    0.178602 -0.00100001
      1.001     1.08807     1.05943     0.93846    0.748549    0.513079    0.255435 -0.00100001
    -0.3518   0.0817089    0.388101    0.567026    0.618129    0.541061    0.335469  0.00100001
 0.00100001   0.0984628   0.0794261  -0.0129031   -0.135317    -0.24461   -0.297573      -0.251
