      -0.231
      0.3523
      -1.499
       1.531
 -0.00100001
       0.001
      1.4102
       1.201
      -1.374
     -0.9873
 -0.00520368
  0.00249333
      -0.599
      1.3935
      -1.201
      1.3708
      0.9889
 -0.00869605
-0.000999916
      -0.401
       0.479
       1.001
      -1.181
 -0.00099953
    -0.27135
    0.898918
    -1.33351
    -0.48409
   0.0142809
      1.1453
   -0.607546
     -0.3142
      2.0857
     -1.5446
      1.8238
    0.851191
    0.480449
     1.10146
     -1.3265
     -2.0857
      1.5446
    -1.82379
   -0.532266
   -0.790477
    -1.53589
     1.89544
    -1.18643
   -0.768985
   -0.292927
   0.0676293
   -0.694288
     1.08218
     0.15583
    -0.74081
      2.0857
   -0.314198
    0.351363
     -1.5446
     1.82378
   -0.219988
    0.514899
      2.0857
      0.3142
     1.15907
      1.5446
    -1.81323
    0.740771
   -0.790477
   -0.109201
   -0.103078
    -1.18644
   -0.768986
      -0.199
       0.179
       0.091
      -0.481
      -0.151
      -0.001
      2.0857
  -0.0438827
     -2.0857
     -0.0349
    -1.82379
  0.00249591
      -0.672
      2.0857
    0.177616
      2.0857
      0.0349
     1.49229
-0.000999965
    -0.30003
      -1.531
-0.000999923
       0.499
-0.000999223
