-0.0180223 -0.0312883 -0.0445542 -0.0578201  -0.071086  -0.084352 -0.0976179  -0.110884
   1.32279    1.00454   0.686292   0.368043  0.0497942  -0.268455  -0.586704  -0.904953
 -0.454778  -0.409842  -0.364906   -0.31997  -0.275034  -0.230098  -0.185162  -0.140226
  -3.43811   -2.51777   -1.59743  -0.677085   0.243256     1.1636    2.08394    3.00428
 -0.121217 -0.0424086  0.0364001   0.115209   0.194018   0.272826   0.351635   0.430444
    2.9092    2.13347    1.35775    0.58202  -0.193706  -0.969433   -1.74516   -2.52089
   4.52255    3.50711    2.49168    1.47624   0.460799  -0.554639   -1.57008   -2.58552
   1.45459    1.28387    1.11314   0.942411   0.771683   0.600956   0.430228   0.259501
  -4.98627   -4.37032   -3.75437   -3.13842   -2.52247   -1.90652   -1.29057  -0.674618
  0.535012   0.665625   0.796238   0.926851    1.05746    1.18808    1.31869     1.4493
  -1.75585   -2.00525   -2.25466   -2.50406   -2.75346   -3.00286   -3.25226   -3.50166
  -1.84308   -1.40237  -0.961653   -0.52094 -0.0802257   0.360488   0.801202    1.24192
   -1.0032   -1.02738   -1.05157   -1.07575   -1.09994   -1.12412   -1.14831   -1.17249
   1.22522    0.91521   0.605197   0.295185 -0.0148279  -0.324841  -0.634853  -0.944866
   1.69555    1.20958   0.723621   0.237659  -0.248303  -0.734265   -1.22023   -1.70619
   6.43322    5.19627    3.95932    2.72237    1.48543   0.248476  -0.988473   -2.22542
 -0.533472  -0.664306   -0.79514  -0.925974   -1.05681   -1.18764   -1.31848   -1.44931
   1.75263    1.95414    2.15564    2.35715    2.55865    2.76016    2.96166    3.16317
   1.73213    1.20837   0.684603   0.160839  -0.362924  -0.886688   -1.41045   -1.93422
  0.373898   0.387745   0.401592    0.41544   0.429287   0.443134   0.456982   0.470829
   3.30391    2.44127    1.57864      0.716  -0.146636   -1.00927   -1.87191   -2.73455
  -2.77724   -2.09241   -1.40758  -0.722747 -0.0379179   0.646912    1.33174    2.01657
0.00520199   0.235607   0.466012   0.696417   0.926822    1.15723    1.38763    1.61804
  0.737266   0.737266   0.737266   0.737267   0.737267   0.737267   0.737267   0.737268
