  0.0484204   0.0396149   0.0260716  0.00779051  -0.0152284  -0.0429852  -0.0754799   -0.112712
  -0.655942   -0.240347    0.061588    0.249862    0.324476    0.285429    0.132722   -0.133645
  -0.198591   -0.352988   -0.491335   -0.613634   -0.719885   -0.810087   -0.884241   -0.942345
    2.41811     1.35456    0.619702    0.213539     0.13607    0.387294    0.967211     1.87582
 -0.0183371   -0.047556   -0.048629  -0.0215559   0.0336631    0.117028    0.228539    0.368196
   -1.37316   -0.472686    0.150745    0.497132    0.566474    0.358771   -0.125978   -0.887771
   -2.42129   -0.987426   0.0837861    0.792342     1.13824     1.12148    0.742071 4.80183e-07
   -1.81824    -1.32923   -0.901192    -0.53413   -0.228042   0.0170722    0.201212    0.324378
    4.15164     2.48082     1.02998   -0.200876    -1.21175    -2.00264    -2.57355    -2.92448
   -0.66876    -0.45436   -0.193313    0.114381    0.468723    0.869713     1.31735     1.81163
     2.1948     1.52318    0.762477  -0.0872931    -1.02613    -2.05405    -3.17103    -4.37709
    1.01844    0.438893   0.0167461   -0.248003   -0.355354   -0.305307  -0.0978621     0.26698
    1.29534    0.932734    0.561493    0.181614   -0.206903   -0.604057    -1.00985    -1.42428
  -0.350445   0.0317754    0.303277    0.464059    0.514123    0.453468    0.282094 1.25569e-06
  -0.150596    0.368177    0.713392    0.885049    0.883149     0.70769    0.358674   -0.163901
    -4.1478     -2.0711   -0.436176    0.756985     1.50838       1.818     1.68586     1.11195
   0.666839     0.45295    0.192335   -0.115007   -0.469075    -0.86987    -1.31739    -1.81164
   -2.17812    -1.51619   -0.782306   0.0235499    0.901371     1.85116     2.87291     3.96663
  -0.637519    -0.11243      0.2256    0.376572    0.340485     0.11734   -0.292863   -0.890125
  -0.467372   -0.331364   -0.190411  -0.0445128    0.106331    0.262121    0.422856    0.588536
   -2.41786    -1.39194   -0.674097   -0.264341   -0.162669   -0.369081   -0.883578    -1.70616
    1.07333    0.203746    -0.42125   -0.801665   -0.937498    -0.82875   -0.475419    0.122494
-0.00651712   0.0364845    0.161774     0.36935    0.659214     1.03137     1.48581     2.02253
  -0.921583   -0.658274   -0.394964   -0.131655    0.131655    0.394964    0.658274    0.921584
