       0.231     0.246861     0.258732      0.26492     0.263733     0.253478     0.232465        0.199
     -0.3523    -0.508969    -0.537507    -0.478508    -0.372565    -0.260271    -0.182218       -0.179
       1.499      1.40003      1.24878      1.05098     0.812377      0.53869     0.235654       -0.091
      -1.531    -0.867092    -0.524328    -0.385318     -0.33267    -0.248995   -0.0169018        0.481
  0.00100001   -0.0116043   -0.0296179   -0.0429886   -0.0416643   -0.0155928    0.0452779        0.151
      -0.001    -0.322371    -0.371615    -0.247677   -0.0495018     0.123966     0.173781        0.001
      1.4102     0.812293     0.661722     0.828967      1.18451      1.59882      1.94239       2.0857
       1.201     0.640767     0.244292    -0.010201    -0.144488    -0.180347    -0.139553   -0.0438827
      -1.374    -0.196179     0.424202     0.565709     0.306907    -0.273638     -1.09736      -2.0857
     -0.9873     -1.18925     -1.30629     -1.32177     -1.21904    -0.981418    -0.592259      -0.0349
 -0.00520368     0.661372      1.07217      1.19539     0.999219     0.451837    -0.478562     -1.82379
  0.00249333     0.258046     0.334726     0.288746     0.176319    0.0536596   -0.0230193   0.00249591
      -0.599    -0.200873    0.0662106     0.199165     0.194906    0.0503491    -0.237591       -0.672
      1.3935      1.33989      1.40302      1.54334      1.72131      1.89739      2.03203       2.0857
      -1.201     -1.15698    -0.958678    -0.668077    -0.347162   -0.0579181     0.137669     0.177616
      1.3708     0.273429    -0.161151   -0.0907161     0.326961     0.934105      1.57294       2.0857
      0.9889      1.19025      1.30687      1.32207      1.21916     0.981456     0.592265       0.0349
 -0.00869605    -0.670537     -1.08312     -1.22076     -1.05774    -0.568355     0.273088      1.49229
-0.000999916    -0.129352    -0.103576   0.00952192     0.143135     0.230457     0.204681 -0.000999965
      -0.401    -0.543779      -0.6371    -0.679198    -0.668306    -0.602659    -0.480488     -0.30003
       0.479    -0.192153    -0.551919    -0.710328     -0.77741    -0.863196     -1.07772       -1.531
       1.001      1.22177      1.17565     0.949993     0.632149     0.309468    0.0693016 -0.000999923
      -1.181      -1.1781     -1.14514     -1.05275    -0.871526    -0.572085    -0.125039        0.499
 -0.00099953    -0.283117    -0.471195    -0.565234    -0.565234    -0.471195    -0.283117 -0.000999223
