     -0.201
     0.3523
     -1.499
      1.531
-0.00100001
    1.07629
     2.0857
     1.3265
    -2.0857
    -0.0349
   -1.65592
 0.00049999
     -0.672
    -0.1055
    -1.3265
     2.0857
     1.5446
   -1.34056
  -0.375355
 0.00260001
      0.481
      1.001
    -0.3518
 0.00100001
 -0.0975026
   0.637802
   -2.11253
    1.53589
  -0.337367
     1.0252
   0.517385
    1.31949
   -1.17078
   -1.28368
   0.744923
  -0.263144
     -0.672
     2.0857
    -1.3265
     2.0857
     1.5446
   -1.17074
   0.283276
  -0.257635
    0.48409
    1.45889
   0.932056
   0.372697
   -0.23752
   0.972039
   -2.11253
    1.22609
  -0.311676
   0.714715
   0.887068
   0.117709
   -1.39877
    -1.5446
     1.8238
   -1.06429
     0.5149
    1.53197
  -0.860591
     2.0857
   0.377285
     1.8238
    0.74081
   -0.70781
    0.48409
   0.925696
   0.932056
  -0.768992
     -0.099
      0.999
     -2.111
      1.079
    -0.7894
     1.1453
   0.578643
    -0.3142
  0.0949005
  -0.567608
   -1.01941
-0.00100001
     0.5149
   0.594488
  -0.541226
       -1.5
   0.038987
  -0.097108
   0.499032
  -0.790477
-0.00100001
-0.00100001
 0.00100001
     -0.251
