   0.365272    0.253404    0.141536   0.0296674  -0.0822008   -0.194069   -0.305937   -0.417805
 -0.0731031  0.00318499   0.0794731    0.155761    0.232049    0.308337    0.384625    0.460913
  -0.920292   -0.789149   -0.658006   -0.526863   -0.395721   -0.264578   -0.133435 -0.00229199
    0.47203    0.369731    0.267433    0.165135   0.0628363   -0.039462    -0.14176   -0.244059
  -0.543087   -0.357629    -0.17217   0.0132882    0.198747    0.384205    0.569664    0.755122
   0.389081    0.174697  -0.0396866    -0.25407   -0.468454   -0.682838   -0.897222    -1.11161
      2.907      2.3464     1.78581     1.22521     0.66462    0.104026   -0.456569    -1.01716
   -1.79216    -1.37116   -0.950168   -0.529172   -0.108177    0.312818    0.733813     1.15481
   -1.71436    -1.10052   -0.486687     0.12715    0.740987     1.35482     1.96866      2.5825
    1.48178     1.53536     1.58895     1.64253     1.69612      1.7497     1.80329     1.85687
   -1.98295    -2.54012    -3.09729    -3.65446    -4.21163    -4.76879    -5.32596    -5.88313
  -0.806256   -0.291554    0.223149    0.737851     1.25255     1.76726     2.28196     2.79666
    1.78035     1.27168    0.763007    0.254336   -0.254336   -0.763007    -1.27168    -1.78035
    -4.1174    -3.61143    -3.10546    -2.59949    -2.09353    -1.58756    -1.08159   -0.575626
   0.698864    0.567624    0.436384    0.305144    0.173903   0.0426632  -0.0885769   -0.219817
          0   -0.768364    -1.53673    -2.30509    -3.07346    -3.84182    -4.61019    -5.37855
   -1.75097    -1.32319   -0.895402   -0.467616  -0.0398309    0.387954     0.81574     1.24353
    4.23707     2.57847    0.919861   -0.738745    -2.39735    -4.05596    -5.71456    -7.37317
  -0.301644   -0.408405   -0.515165   -0.621926   -0.728686   -0.835447   -0.942207    -1.04897
  -0.284911   -0.165457  -0.0460041   0.0734492    0.192903    0.312356    0.431809    0.551263
-0.00463499   -0.107921   -0.211206   -0.314492   -0.417778   -0.521064   -0.624349   -0.727635
   -1.48663    -1.35857    -1.23052    -1.10247   -0.974413   -0.846359   -0.718306   -0.590252
   -1.92578    -1.85018    -1.77458    -1.69898    -1.62338    -1.54778    -1.47218    -1.39658
   -2.27008    -1.59014   -0.910193    -0.23025    0.449693     1.12964     1.80958     2.48952
