  -0.155246  -0.0668639   -0.010444   0.0140135  0.00650875  -0.0329584   -0.104388    -0.20778
  -0.428252   -0.438241   -0.426432   -0.392828   -0.337426   -0.260228   -0.161233   -0.040442
   0.920292    0.676086     0.46935    0.300083    0.168285   0.0739565   0.0170976 -0.00229199
-0.00733349    0.112918    0.203942    0.265737    0.298304    0.301643    0.275754    0.220637
   0.504551    0.375877    0.300191    0.277494    0.307785    0.391064    0.527331    0.716586
  0.0766431    0.157183     0.17647    0.134505   0.0312869   -0.133183   -0.358906   -0.645881
   -2.35247    -1.60199    -1.01167   -0.581525   -0.311549   -0.201742   -0.252105   -0.462638
 -0.0105142   -0.462417   -0.794036    -1.00537    -1.09642    -1.06719   -0.917667   -0.647864
    1.37237    0.970249    0.743504    0.692142    0.816161     1.11556     1.59035     2.24051
   -1.87317    -1.44214   -0.995814   -0.534173  -0.0572228    0.435038    0.942608     1.46549
    3.60126     2.95511     2.14977     1.18523   0.0615066    -1.22141    -2.66352    -4.26482
  -0.395466   -0.552296   -0.562069   -0.424783   -0.140439    0.290962    0.869422     1.59494
          0    0.436004    0.726673    0.872008    0.872008    0.726673    0.436004           0
     3.2868     2.18268     1.22313    0.408133   -0.262299   -0.788169    -1.16948    -1.40622
          0    0.180927    0.324356    0.430289    0.498724    0.529662    0.523103    0.479047
          0   -0.109766   -0.439065   -0.987897    -1.75626    -2.74416    -3.95159    -5.37855
          0   -0.439166   -0.756107   -0.950824    -1.02332   -0.973584   -0.801628   -0.507447
   0.254734     1.22838     1.72814     1.75402       1.306    0.384103    -1.01169    -2.88136
   0.987946     0.88651    0.754572     0.59213    0.399185    0.175738  -0.0782127   -0.362666
  -0.390352   -0.454691   -0.484899   -0.480979   -0.442928   -0.370749   -0.264439      -0.124
 0.00463499  -0.0114444   -0.057034   -0.132134   -0.236744   -0.370864   -0.534494   -0.727635
   0.686835    0.280378  -0.0894923   -0.422776   -0.719473   -0.979583    -1.20311    -1.39004
    1.92578     1.38636    0.868536    0.372312   -0.102312   -0.555336    -0.98676    -1.39658
   0.557545  0.00608606   -0.351104   -0.514024   -0.482675   -0.257057    0.162831    0.776988
