      0.201    0.170031    0.159748    0.161019    0.164712    0.161694    0.142834       0.099
    -0.3523   -0.476604   -0.600647   -0.718204   -0.823044   -0.908943    -0.96967      -0.999
      1.499     1.72616      1.8889     1.99793     2.06395     2.09766     2.10978       2.111
     -1.531    -1.51522    -1.46926    -1.40147    -1.32019    -1.23379    -1.15061      -1.079
 0.00100001    0.125514    0.220833    0.302098    0.384448    0.483022    0.612959      0.7894
   -1.07629    -1.04143   -0.992308   -0.946425   -0.921282    -0.93438    -1.00322     -1.1453
     2.0857     1.52459     1.15502    0.931239    0.807471    0.737957    0.676935    0.578643
     1.3265     1.25607     1.07372    0.813795    0.510676    0.198725  -0.0876889     -0.3142
    -2.0857    -1.75522    -1.51457    -1.31365    -1.10236   -0.830572   -0.448189   0.0949005
    -0.0349    -0.50888   -0.857524    -1.07646    -1.16131     -1.1077   -0.911257   -0.567608
   -1.65592   -0.715504   0.0175551    0.497774     0.67967    0.517759  -0.0334402    -1.01941
 0.00049999   -0.138396   -0.301092   -0.445573    -0.52982   -0.511818    -0.34955 -0.00100001
     -0.672   -0.606253   -0.436696   -0.204853   0.0477528    0.279596    0.449153      0.5149
    -0.1055    0.672413     1.15551     1.38511      1.4025     1.24899    0.965887    0.594488
    -1.3265    -1.29976    -1.22668    -1.11799   -0.984376   -0.836571   -0.685283   -0.541226
     2.0857     2.07525     2.00207     1.80344     1.41665    0.778958    -0.17235        -1.5
     1.5446     1.47895     1.30529     1.05853    0.773601     0.48542    0.228908    0.038987
   -1.34056     -1.1174   -0.683761   -0.175026    0.273403     0.52613    0.447759   -0.097108
  -0.375355   -0.106849    0.128317     0.32143    0.463772    0.546631    0.561289    0.499032
 0.00260001   -0.118933   -0.253973   -0.392768   -0.525567   -0.642619   -0.734173   -0.790477
      0.481     0.48073     0.47165    0.445329    0.393334    0.307236    0.178602 -0.00100001
      1.001      1.1383      1.1647     1.09065    0.926599    0.683005    0.370321 -0.00100001
    -0.3518    0.120849    0.442463    0.619213     0.65727    0.562806    0.341992  0.00100001
 0.00100001   0.0768933   0.0229796   -0.105236   -0.252247   -0.362548   -0.380634      -0.251
