     -0.231
     0.3523
     -1.499
      1.531
-0.00100001
 0.00100001
     1.4102
      1.201
     -1.374
    -0.9873
-0.00519999
 0.00250001
     -0.599
     1.3935
     -1.201
     1.3708
     0.9889
-0.00870001
-0.00100001
     -0.401
      0.479
      1.001
     -1.181
-0.00100001
  -0.350534
   0.863042
   -1.23585
   -0.48409
   0.100722
     1.1453
   0.390667
    -0.3142
     2.0857
    -1.5446
     1.8238
   0.772839
    0.39401
   0.624421
    -1.3265
    -2.0857
     1.5446
    -1.8238
    -1.1453
  -0.790477
   -1.47168
     2.1202
   -1.18645
  -0.768992
  -0.261332
   0.095312
  -0.598305
   0.862432
   0.185453
   -0.74081
     2.0857
   0.682509
     2.0857
    -0.0349
    0.36272
  -0.112502
     0.5149
     2.0857
     0.3142
    1.13421
     1.5446
    -1.8238
   0.305318
  -0.790477
   0.129693
  -0.103083
   -1.18645
  -0.768992
     -0.201
      0.179
      0.091
     -0.481
     -0.151
-0.00100001
     2.0857
 -0.0745326
    -2.0857
    -0.0349
    -1.8238
 0.00250001
     -0.672
     2.0857
   0.176796
     2.0857
     0.0349
     1.4923
-0.00100001
     -0.301
     -1.531
-0.00100001
      0.499
-0.00100001
