  -0.200388   -0.167801   -0.135215   -0.102629  -0.0700425  -0.0374563 -0.00487004   0.0277162
    1.22733    0.935233    0.643134    0.351035   0.0589362   -0.233163   -0.525262   -0.817361
  -0.359412   -0.315167   -0.270921   -0.226676    -0.18243   -0.138184  -0.0939386  -0.0496929
   -3.22715    -2.39722    -1.56729    -0.73736   0.0925687    0.922498     1.75243     2.58236
  0.0163116   0.0717438    0.127176    0.182608     0.23804    0.293473    0.348905    0.404337
     2.9092     2.13347     1.35775     0.58202   -0.193707   -0.969433    -1.74516    -2.52089
    2.60598     2.00124     1.39649    0.791748    0.187003   -0.417742    -1.02249    -1.62723
    2.41143     1.82643     1.24142    0.656418   0.0714138   -0.513591     -1.0986     -1.6836
   -3.32131    -3.41892    -3.51652    -3.61413    -3.71173    -3.80933    -3.90694    -4.00454
    1.98432      1.4938     1.00328    0.512763   0.0222446   -0.468274   -0.958793    -1.44931
   -3.15848    -2.80675    -2.45503    -2.10331    -1.75159    -1.39987    -1.04814   -0.696422
   -1.58945     -1.2252   -0.860943   -0.496689   -0.132434     0.23182    0.596074    0.960329
  -0.837236   -0.896985   -0.956734    -1.01648    -1.07623    -1.13598    -1.19573    -1.25548
    2.14114     1.63486     1.12858    0.622299    0.116017   -0.390265   -0.896546    -1.40283
    1.69555     1.20948      0.7234    0.237324   -0.248752   -0.734828     -1.2209    -1.70698
    6.40935     5.18263     3.95591      2.7292     1.50248     0.27576   -0.950957    -2.17768
  -0.533472   -0.664306   -0.795141   -0.925975    -1.05681    -1.18764    -1.31848    -1.44931
     1.7425     1.94835      2.1542     2.36005      2.5659     2.77175      2.9776     3.18346
    2.49113      1.8943     1.29747    0.700646    0.103819   -0.493008    -1.08983    -1.68666
   0.373898    0.387612    0.401326    0.415041    0.428755    0.442469    0.456184    0.469898
    3.40998     2.47547     1.54096     0.60645   -0.328059    -1.26257    -2.19708    -3.13159
   -3.20878    -2.43148    -1.65417   -0.876867  -0.0995631    0.677741     1.45505     2.23235
 0.00523007     0.23563     0.46603     0.69643     0.92683     1.15723     1.38763     1.61803
   0.737272    0.737272    0.737272    0.737272    0.737272    0.737272    0.737272    0.737272
