   0.143441   0.0776932   0.0235831   -0.018889  -0.0497231  -0.0689194  -0.0764776   -0.072398
   -0.61289   -0.226717   0.0551339    0.232664    0.305873    0.274761    0.139328   -0.100426
  -0.315784   -0.436245   -0.540903    -0.62976   -0.702814   -0.760067   -0.801517   -0.827166
    2.41811     1.41376    0.705809    0.294265    0.179123    0.360385     0.83805     1.61212
  -0.122067   -0.106343  -0.0708212  -0.0155026   0.0596132    0.154526    0.269237    0.403744
   -1.37316   -0.472686    0.150746    0.497132    0.566474    0.358771   -0.125978   -0.887772
   -1.22344   -0.400722    0.206016    0.596774    0.771551    0.730348    0.473164           0
   -1.81824    -1.06148   -0.513649   -0.174748  -0.0447784   -0.123739   -0.411629    -0.90845
    4.15164     2.94803     1.70956    0.436227   -0.871962    -2.21501    -3.59292    -5.00568
   -0.66876  -0.0476669    0.398241    0.668963      0.7645    0.684852    0.430019           0
     2.1948     1.12958    0.189975   -0.624015    -1.31239    -1.87515    -2.31229    -2.62382
   0.924406     0.42179   0.0492652   -0.193169   -0.305512   -0.287765   -0.139927    0.138002
    1.19161     0.88193    0.550909    0.198549    -0.17515   -0.570188   -0.986564    -1.42428
  -0.922895   -0.248608    0.244864    0.557521    0.689363     0.64039    0.410603           0
    -0.1506    0.368155    0.713311    0.884869    0.882828    0.707189    0.357951   -0.164885
    -4.1478     -2.0778    -0.44592     0.74785     1.50351     1.82105     1.70048     1.14179
    0.66684    0.452951    0.192336   -0.115007   -0.469075    -0.86987    -1.31739    -1.81164
   -2.17812    -1.51904   -0.786443   0.0196727    0.899307     1.85246     2.87913     3.97932
   -1.37316   -0.590052   -0.020092    0.336715     0.48037    0.410872    0.128221   -0.367582
  -0.467372   -0.331388   -0.190507  -0.0447267    0.105951    0.261527    0.422001    0.587372
   -2.34082    -1.28985   -0.572629   -0.189162    -0.13945    -0.42349    -1.04128    -1.99283
    1.34304    0.335849   -0.393731   -0.845702    -1.02006   -0.916818   -0.535964      0.1225
-0.00653759   0.0364732     0.16177    0.369352     0.65922     1.03137     1.48581     2.02254
   -0.92159   -0.658279   -0.394967   -0.131656    0.131656    0.394967    0.658279     0.92159
