      0.231    0.270142    0.287881    0.288372    0.275774    0.254241    0.227931       0.201
    -0.3523   -0.499125    -0.52666   -0.472163   -0.372891   -0.266101   -0.189052      -0.179
      1.499     1.36424     1.18928     0.97976     0.74133    0.479631    0.200307      -0.091
     -1.531    -0.85556   -0.485888   -0.316124   -0.240412   -0.152893   0.0522915       0.481
 0.00100001  -0.0403766  -0.0726022  -0.0886063  -0.0813186  -0.0436686   0.0314141       0.151
-0.00100001   -0.322371   -0.371615   -0.247677  -0.0495017    0.123966    0.173781  0.00100001
     1.4102      1.1266     1.09826     1.24804     1.49881     1.77344     1.99478      2.0857
      1.201    0.692983    0.417928    0.301218    0.268235    0.244361    0.154978  -0.0745326
     -1.374   -0.105165    0.727584      1.1118     1.03503    0.484818   -0.551274     -2.0857
    -0.9873    -1.11002     -1.0422   -0.846417   -0.585228   -0.321201   -0.116903     -0.0349
-0.00519999    0.584701    0.816597    0.735351    0.385826   -0.187116   -0.938612     -1.8238
 0.00250001     0.23902    0.319266    0.289697    0.196775   0.0869607   0.0067154  0.00250001
     -0.599   -0.228089   0.0284098    0.162877     0.16769   0.0352292   -0.242127      -0.672
     1.3935     1.18968      1.1944     1.34306      1.5711     1.81394       2.007      2.0857
     -1.201    -1.15698   -0.958699   -0.668143   -0.347316  -0.0582174    0.137153    0.176796
     1.3708    0.272124   -0.165502  -0.0985465     0.31652     0.92323     1.56511      2.0857
     0.9889     1.19025     1.30687     1.32207     1.21916    0.981457    0.592265      0.0349
-0.00870001   -0.671095    -1.08498    -1.22409    -1.06217   -0.572974    0.269765      1.4923
-0.00100001    -0.34523   -0.447841   -0.384957   -0.232705  -0.0672112   0.0353992 -0.00100001
     -0.401   -0.543782   -0.637123   -0.679275   -0.668487   -0.603012   -0.481099      -0.301
      0.479   -0.159401   -0.482053   -0.608154   -0.656901   -0.747493   -0.999127      -1.531
      1.001     1.29254     1.27394     1.04435    0.702917    0.348783    0.081095 -0.00100001
     -1.181     -1.1781    -1.14515    -1.05276   -0.871533   -0.572091   -0.125042       0.499
-0.00100001    -0.28312   -0.471199   -0.565239   -0.565239   -0.471199    -0.28312 -0.00100001
