   -0.200999
    0.180985
   0.0923262
   -0.479008
-0.000998361
   -0.341773
     1.74225
    0.287088
   -0.452359
  -0.0353694
    -0.24423
  0.00237825
    0.471892
   -0.105407
   -0.878639
     1.28424
     1.54428
    0.205979
    -1.14529
   0.0025851
    0.479018
     2.12016
    -1.18088
 0.000851949
   -0.173547
    0.186945
   0.0023487
   -0.228523
   -0.204924
   -0.635819
      1.8131
    0.568595
     2.08451
   -0.540909
   -0.811307
   -0.425987
   0.0997356
    0.369518
    -1.32643
     2.08552
     1.07855
   -0.529282
   -0.479316
     0.37944
   -0.212659
      1.1764
    -1.18582
    0.397434
   -0.183525
    0.276839
   -0.289628
  0.00988306
  -0.0659393
   -0.714362
     1.83314
    0.205303
     2.08517
  -0.0350247
    0.190169
     1.90086
   0.0958607
    0.438433
    -1.32642
     1.67692
     1.30694
    0.041436
    0.572211
    0.378692
    -1.35993
    0.948317
    -1.18517
    0.395655
   -0.199001
    0.179001
   0.0910021
   -0.480992
 0.000993665
   -0.422837
     2.08568
    0.178797
    0.126582
   -0.137867
     1.48266
  0.00240016
    0.122214
    0.379032
    -1.32645
     1.77629
     1.27085
  -0.0375017
    0.740805
  -0.0976191
    -1.52901
 0.000987422
     0.93091
 0.000859328
