    0.224575     0.197206     0.169837     0.142468       0.1151    0.0877307    0.0603618    0.0329929
   -0.503598    -0.270742   -0.0378869     0.194968     0.427824     0.660679     0.893534      1.12639
     1.21199     0.462332     -0.28733     -1.03699     -1.78665     -2.53632     -3.28598     -4.03564
   0.0724756      0.68722      1.30197      1.91671      2.53146       3.1462      3.76094      4.37569
    -2.05747     -1.70178      -1.3461    -0.990418    -0.634736    -0.279053    0.0766292     0.432312
    -1.29302      -1.4255     -1.55798     -1.69047     -1.82295     -1.95544     -2.08792     -2.22041
   -0.304836   -0.0620019     0.180832     0.423667     0.666501     0.909335      1.15217        1.395
     -3.8688     -3.02744     -2.18608     -1.34472    -0.503362     0.337996      1.17935      2.02071
    -15.2173     -14.7227     -14.2282     -13.7336     -13.2391     -12.7445       -12.25     -11.7554
     6.06854      4.67984      3.29114      1.90244      0.51374     -0.87496     -2.26366     -3.65236
     9.41132      8.31629      7.22125      6.12622      5.03119      3.93615      2.84112      1.74609
     16.5312       10.548      4.56467     -1.41862     -7.40191     -13.3852     -19.3685     -25.3518
     2.20969      1.91993      1.63017      1.34041      1.05065     0.760891     0.471131     0.181372
    -2.43605     -2.19803     -1.96001     -1.72199     -1.48396     -1.24594     -1.00792    -0.769898
     2.68683      2.30297       1.9191      1.53524      1.15137     0.767508     0.383643 -0.000221829
    -7.25924      -5.7868     -4.31436     -2.84192     -1.36948     0.102956       1.5754      3.04783
     4.16472      3.34307      2.52141      1.69976     0.878107    0.0564535      -0.7652     -1.58685
     7.83587      6.15961      4.48336       2.8071      1.13084    -0.545418     -2.22168     -3.89793
     2.31331      1.22603     0.138764    -0.948507     -2.03578     -3.12305     -4.21032     -5.29759
    -2.26561     -2.34958     -2.43355     -2.51751     -2.60148     -2.68545     -2.76941     -2.85338
    -2.73356      -1.5046    -0.275639     0.953323      2.18228      3.41125      4.64021      5.86917
     4.29405      3.06412      1.83418     0.604248    -0.625687     -1.85562     -3.08556     -4.31549
   0.0334985      1.84194      3.65039      5.45884      7.26728      9.07573      10.8842      12.6926
    -2.39017     -2.38559       -2.381     -2.37642     -2.37184     -2.36726     -2.36268      -2.3581
