  -0.0823547   -0.0522275   -0.0260101  -0.00370254    0.0146952    0.0291831    0.0397611    0.0464293
  -0.0178823   -0.0731923   -0.0952373   -0.0840172    -0.039532    0.0382182     0.149233     0.293514
    0.269933     0.389527     0.402028     0.307433     0.105744    -0.203039    -0.618917     -1.14189
   -0.751456    -0.697192    -0.555108    -0.325202  -0.00747604     0.398071     0.891438      1.47263
    0.611778      0.34326     0.125554   -0.0413401    -0.157422    -0.222693    -0.237152    -0.200799
    0.882138     0.687958     0.474852     0.242819  -0.00813934    -0.278024    -0.566836    -0.874574
    0.212539     0.186337     0.194824     0.238003     0.315872     0.428432     0.575682     0.757623
    0.844522     0.351934   -0.0204602     -0.27266    -0.404666    -0.416478    -0.308096   -0.0795195
     7.61061      5.47203      3.40411      1.40684    -0.519782     -2.37575     -4.16108     -5.87575
    -1.51662    -0.748877    -0.179521     0.191449     0.364034     0.338232     0.114045    -0.308528
    -1.70123    -0.434974      0.67485      1.62824       2.4252      3.06572      3.54981      3.87747
     -1.2851     0.649133      1.72861      1.95332      1.32328     -0.16151     -2.50106     -5.69537
    -1.11647    -0.821497    -0.567918    -0.355734    -0.184944   -0.0555478    0.0324538    0.0790611
     1.42477      1.09377     0.796764     0.533764     0.304768     0.109774   -0.0512161    -0.178203
    -1.34339    -0.986972    -0.685395    -0.438657    -0.246756    -0.109693   -0.0274682 -8.09876e-05
     2.40382      1.47196     0.750452     0.239289   -0.0615261    -0.151992   -0.0321102     0.298121
     -1.3972    -0.860927    -0.442036    -0.140524    0.0436097     0.110364    0.0597393    -0.108264
    -2.20578      -1.2061    -0.445892    0.0748544     0.356136     0.397952     0.200302    -0.236813
     1.99793      2.25074      2.34822      2.29038      2.07722      1.70873      1.18492     0.505784
     1.13056     0.800907     0.459255     0.105608    -0.260035    -0.637672     -1.02731     -1.42893
    -2.07503     -2.37776     -2.50492     -2.45651     -2.23254       -1.833      -1.2579    -0.507227
    -2.83127     -2.30569     -1.95581     -1.78163     -1.78317      -1.9604     -2.31334     -2.84199
  -0.0148161     0.119144     0.511454      1.16211      2.07112      3.23848      4.66419      6.34824
     1.18975      0.84862      0.50815     0.168334    -0.170828    -0.509335    -0.847188     -1.18439
