    0.200999     0.191432     0.185891     0.183815     0.184647     0.187827     0.192798     0.199001
   -0.180985    -0.187886    -0.200313    -0.213512    -0.222733    -0.223223     -0.21023    -0.179001
  -0.0923262    -0.043947    0.0138676    0.0658183    0.0966059    0.0909312    0.0334949   -0.0910021
    0.479008     0.374488     0.283993     0.220068      0.19526     0.222114     0.313176     0.480992
 0.000998361    0.0686104     0.101492     0.106903    0.0921004    0.0643444    0.0308934 -0.000993665
    0.341773     0.454148     0.537431     0.588918     0.605907     0.585692      0.52557     0.422837
     1.74225      1.77033      1.79714      1.82765       1.8668      1.91955      1.99086      2.08568
    0.287088     0.371118     0.393364     0.370996     0.321184       0.2611     0.207914     0.178797
   -0.452359     0.481274      1.11444      1.45724      1.51976       1.3121     0.844339     0.126582
  -0.0353694    -0.194829    -0.258781    -0.255567    -0.213528    -0.161005    -0.126338    -0.137867
    -0.24423    -0.394954    -0.375957    -0.209589     0.081805     0.475876     0.950277      1.48266
  0.00237825    -0.032872     0.147142     0.420313     0.664532     0.757691     0.577683   0.00240016
    0.471892     0.333959     0.235208     0.169725     0.131598     0.114913     0.113756     0.122214
   -0.105407    0.0740844     0.208717      0.30335     0.362841     0.392046     0.395824     0.379032
   -0.878639     -1.04444     -1.16324     -1.24288     -1.29118     -1.31599     -1.32514     -1.32645
     1.28424      1.55858      1.71482      1.78301      1.79321      1.77545       1.7598      1.77629
     1.54428      1.38438      1.29271       1.2525      1.24697      1.25937      1.27292      1.27085
    0.205979   -0.0348767    -0.150026    -0.173678    -0.140042   -0.0833277   -0.0377446   -0.0375017
    -1.14529    -0.839966     -0.50962    -0.176442     0.137379     0.409653     0.618191     0.740805
   0.0025851      0.14069     0.230845     0.271335     0.260447     0.196468    0.0776838   -0.0976191
    0.479018     0.158872    -0.191981    -0.548459    -0.885481     -1.17797     -1.40084     -1.52901
     2.12016      1.75532      1.45302      1.18815     0.935616      0.67031     0.367134  0.000987422
    -1.18088      -1.1765     -1.13453     -1.01807    -0.790198    -0.414017     0.147384      0.93091
 0.000851949     0.146442     0.243346     0.291659     0.291473     0.242882      0.14598  0.000859328
